-----------------------------------------------
init hps: [-1.68982909e+02  5.02532450e+01  2.01010421e+03  9.13376359e+01
 -4.59033928e+01  2.00845101e+03  1.40920209e+01  5.77549077e+01
  1.97562766e+03  4.88602317e+01  5.51442404e+00  1.98398111e+03
 -1.61736309e+02 -2.81054308e+01  1.98119272e+03 -1.02763509e+01
  5.42063944e+01  1.99019039e+03 -9.86176250e+01  4.56452258e+01
  2.01110025e+03  1.12374869e+02  8.30396146e+01  1.98199390e+03
 -1.22356403e+02 -3.56243203e+01  1.99420747e+03  1.76548971e+02
  3.67873493e+01  1.99235136e+03 -7.26118529e+01 -7.32768393e+01
  1.98301086e+03  9.62382492e+01  1.09434538e+01  1.96469261e+03
 -1.65795121e+02  1.46493106e+01  1.97130903e+03 -1.52352587e+02
  6.95155927e+01  2.00229286e+03  1.76664940e+02  8.86749811e+00
  2.00498952e+03 -5.37863002e+01 -8.84403625e+01  1.98564147e+03
  6.27096557e-01  4.11487258e-01  3.83110565e-01  3.30992902e-01
  1.46392239e+00  2.29691377e+00  6.29334147e+00  9.53981870e+00
  6.71043815e+00  2.21690300e-01  5.88006998e+00  9.88355235e+00
  4.50196068e+01  9.34180841e+01  3.76580286e+01]
-----------------------------------------------
optimized hps: [ 2.06532474e+01  1.49892359e+01  2.00017750e+03  7.05225083e+01
 -1.12613235e+01  1.97273557e+03  1.22868036e+02  1.61354034e+01
  1.98057531e+03 -1.42026506e+02 -2.33817633e+01  1.97538364e+03
 -1.19137787e+02  6.05071666e+01  2.01110649e+03  1.25365843e+02
  4.17333211e+01  1.96758821e+03 -1.05005391e+02 -1.58167034e+01
  1.97046642e+03  8.42571617e+01  1.08835358e+01  1.96646901e+03
 -1.35285751e+02 -2.77644857e+01  1.99146286e+03  6.18951853e+01
  6.85299484e+01  1.98072775e+03  1.35085597e+02 -4.14639189e+01
  1.97774351e+03  5.74014366e+01 -9.26105116e+00  1.97163853e+03
 -1.27778687e+02  3.06910408e+01  1.96289057e+03 -2.26591925e+01
 -5.19773967e+00  1.99054580e+03 -9.59489520e+01 -4.69862540e+01
  1.96718363e+03  2.62677361e+01  6.09954007e+01  2.01104549e+03
  6.52489080e-01  6.51272494e-01  8.94711609e-01  3.53117375e-01
  6.73060222e-01  7.44115823e+00  4.88861087e+00  2.09467082e+00
  2.35500464e+00  2.28960713e+00  7.68305897e+00  4.07768016e+00
  6.68358353e+01  6.95439316e+01  2.14111115e+00]
-----------------------------------------------
