-----------------------------------------------
init hps: [ 1.52154596e+02  8.94504067e+00  1.98805965e+03 -1.65802365e+02
  1.03285726e+01  1.98254320e+03 -3.97921711e+01  5.57869893e+01
  1.98499328e+03 -7.71707827e+01  2.51993754e+01  2.00263144e+03
  5.49664905e-01  5.35424834e+00  3.41800608e+00  2.55456038e-01
  6.19153580e+01  4.98741776e+00]
-----------------------------------------------
optimized hps: [ 1.94471125e+01 -9.62728184e+00  1.98336255e+03  7.07943456e+01
 -7.62244587e+01  1.99913026e+03  1.70848609e+02 -5.80310268e+01
  1.99803768e+03 -2.02427187e+01 -2.34609893e+01  1.97461890e+03
  7.30561646e-01  3.87509187e+00  1.31027949e+00  7.04625510e+01
  9.66005627e+01  8.19787388e+01]
-----------------------------------------------
