-----------------------------------------------
init hps: [ 5.71491665e+01 -3.07495225e+01  1.99132461e+03 -1.71849076e+01
  3.05595710e+00  1.98022641e+03 -4.19996236e+01 -8.02451822e+01
  1.96897891e+03  8.90983349e+01 -3.86924837e+01  1.97039624e+03
  1.43278100e-02  4.19975151e-01  1.42384279e-01  1.43879205e-01
  9.25201808e+00  1.55798585e+00  1.98527898e+00  8.60586443e+00
  9.44107995e+00  7.58574910e+00  9.83082767e+00  6.16153088e+00
  9.98404869e+01  6.15549307e+01  4.25319476e+01]
-----------------------------------------------
optimized hps: [ 2.05081745e+01 -2.06729712e+01  1.98171892e+03  1.15628147e+02
 -3.69551352e+01  2.00577833e+03 -1.31661304e+02  8.97256684e-01
  1.97217755e+03 -5.63265353e+01  3.56118427e+01  1.96514129e+03
  4.14665922e-01  7.24739271e-01  9.14991937e-01  9.42198341e-01
  7.69475981e-01  7.65336404e+00  8.74642424e+00  3.03186487e+00
  8.02155279e+00  5.54413220e+00  4.71802119e+00  5.62015837e+00
  5.32291055e+01  3.79850371e+01  8.61044469e+01]
-----------------------------------------------
