-----------------------------------------------
init hps: [-1.67397583e+02  4.70909283e+01  1.99429954e+03  1.76174688e+02
  2.98638516e+01  1.96838632e+03  4.83702525e+01  8.89781584e-01
  1.96656276e+03  1.19027316e+01 -3.98009866e+01  1.98034428e+03
 -1.29797193e+02  5.75389545e+01  1.99367596e+03 -2.20213446e+01
  3.40259060e+01  2.01019994e+03 -8.30501860e+01 -4.98050546e+01
  1.96248289e+03  6.98769025e-02  7.88006431e+01  1.98294475e+03
  8.48099336e-01  3.05413511e-01  6.98278658e+00  1.49588362e+00
  6.24587614e+00  8.70008167e+00  1.52682965e+01  7.30776103e+01
  8.25899592e+01]
-----------------------------------------------
optimized hps: [-1.24369251e+02  7.38660947e+01  1.97782025e+03 -1.19675206e+02
  4.86332211e+01  1.99782023e+03  8.85602972e+01  1.67031275e+01
  2.00401119e+03 -9.07848881e+01 -4.18734053e+01  1.96859137e+03
  9.43294096e+01 -7.03231637e+01  1.98467726e+03 -1.77422949e+02
  1.93131378e+01  1.99560286e+03  5.83370668e+01  5.00969278e+01
  2.00793764e+03  1.50935639e+02 -1.50476491e+01  1.96086853e+03
  1.89826262e-01  3.17444911e-01  5.93087173e+00  4.87358842e+00
  1.52701194e-01  3.84981370e+00  9.08669168e+01  4.95709265e+01
  5.96622222e+00]
-----------------------------------------------
