-----------------------------------------------
init hps: [ 1.15371955e+02  2.03351820e+01  1.96516709e+03 -1.08135348e+02
 -5.01646038e+01  1.97567955e+03  1.61444042e+02 -3.86717072e+01
  2.00820880e+03 -5.52809417e+01 -6.58945011e+01  1.96420515e+03
 -6.50719009e+01 -6.82509524e+01  1.97232173e+03 -1.58825307e+02
 -8.66945243e+01  1.98096791e+03  2.27549374e+01  6.15117796e+00
  1.98376729e+03  5.99684484e+01  4.01927002e+01  1.97756306e+03
 -6.03159016e+00 -3.45132217e+01  1.99424250e+03  2.88808935e-01
  2.92419954e-01  7.29228205e-01  2.24512069e+00  1.73810594e+00
  7.20516400e+00  3.53075761e+00  3.90980939e+00  4.16104563e+00
  9.02859145e+01  5.31367141e+01  5.38817134e+01]
-----------------------------------------------
optimized hps: [ 8.33728138e+01 -3.27871918e+00  1.97420231e+03  1.67484540e+02
  2.69984524e+01  1.99467257e+03  1.10594667e+02  4.73940437e+01
  1.99779446e+03  3.06999862e+00  4.07020839e+01  2.00470850e+03
 -9.04548562e+01  4.71024762e+01  1.99543490e+03  4.03367603e+01
  4.80473184e+01  2.00083670e+03  7.39865321e+01  8.08528485e+00
  1.99939856e+03  8.94955152e+01 -8.49351509e+01  2.01030379e+03
  1.36402889e+02 -8.45073720e+01  1.97289863e+03  8.25116379e-01
  9.82588864e-01  2.55357133e-01  3.61370534e+00  4.67677512e+00
  3.23932331e+00  2.87882996e+00  6.75851267e+00  4.61825915e+00
  8.24058736e+01  5.42108203e+00  1.59667682e+01]
-----------------------------------------------
