-----------------------------------------------
init hps: [-2.33631290e+01 -4.64356149e+01  1.97584697e+03 -1.50590477e+02
  1.05577820e+01  2.00701455e+03  5.13808140e+01 -3.51943649e+00
  1.99560873e+03 -1.90322508e+01  5.48754317e+01  2.00129548e+03
  7.59453426e+01 -3.81074688e+01  1.97037831e+03  1.18730463e+02
 -7.06507957e+01  2.00258377e+03  5.83085436e+00  1.24939483e+01
  1.98566081e+03 -8.25402277e+01 -4.71214266e+01  2.00424312e+03
  3.00159318e-01  4.54766808e-01  5.75452842e-01  6.16277008e-01
  1.36900115e+00  3.91345722e+00  7.71183287e+00  1.53883756e+00
  5.21855714e+00  3.27806663e-01  3.27932190e+00  7.85998655e+00
  9.21999231e+01  9.52596802e+01  7.04548626e+01]
-----------------------------------------------
optimized hps: [ 1.13695308e+02  5.47719818e+01  1.98583352e+03  5.58771386e+01
  3.15214275e+01  1.98344024e+03  7.30024466e+01 -8.66012458e+01
  1.98407946e+03  1.34895409e+01 -2.67968800e+00  1.97773169e+03
  1.70401909e+02 -4.24308152e+01  1.96010439e+03 -1.30227294e+02
  4.83297500e+01  1.98808901e+03 -4.53822548e+01 -6.04862545e+01
  1.97619303e+03 -8.79346159e+01  8.95037075e+01  1.96001699e+03
  8.85133258e-01  2.66462105e-01  9.92432190e-01  4.44893373e-01
  2.47714312e+00  4.85203580e+00  6.13708464e+00  8.78833328e+00
  9.98758651e+00  2.04364906e+00  1.18566246e+00  1.41842496e+00
  4.20964070e+01  3.47066875e+01  2.93470398e+01]
-----------------------------------------------
