-----------------------------------------------
init hps: [9.63901724e+01 6.04957251e+01 1.97835277e+03 2.88608582e+01
 7.92797092e+01 1.98546041e+03 7.90172980e+00 8.07082080e+01
 1.99234077e+03 9.80898568e+01 8.58778902e+01 2.01034917e+03
 3.25928004e-01 5.43203363e-02 2.32044910e+00 7.39497544e+00
 8.58907151e+00 6.73905221e+00 8.84896688e+01 3.56257068e+01
 4.41856447e+01]
-----------------------------------------------
optimized hps: [ 5.08999431e+01  1.57917340e+01  2.00146112e+03 -1.64061095e+00
  3.30128875e+01  1.99649304e+03  3.15309997e+00 -8.98268088e+01
  2.00577411e+03  1.73495089e+01 -8.79075623e+01  2.00716207e+03
  1.65308630e-01  4.73896657e-01  4.17452298e+00  8.47394506e+00
  9.72667229e-01  9.72353234e+00  2.94883057e+01  7.07828869e+01
  9.37101665e+01]
-----------------------------------------------
